4294967278,33
4294967278,32
4294967278,31
4294967278,30
4294967278,29
4294967278,28
4294967278,27
4294967278,26
4294967278,25
4294967278,24
4294967278,23
4294967278,22
4294967278,21
4294967278,430
4294967278,174
4294967278,88
4294967278,318
4294967278,350
4294967278,342
4294967278,61
4294967278,60
4294967278,419
4294967278,59
4294967278,58
4294967278,57
4294967278,56
4294967278,55
4294967278,54
4294967278,53
4294967278,357
4294967278,52
4294967278,412
4294967278,51
4294967278,50
4294967278,231
4294967278,49
4294967278,48
4294967278,47
4294967278,46
4294967278,45
4294967278,44
4294967278,43
4294967278,42
4294967278,41
4294967278,40
4294967278,39
4294967278,38
4294967278,37
4294967278,36
4294967278,35
4294967278,34
4294967279,356
4294967279,86
4294967279,85
4294967279,84
4294967279,83
4294967279,81
4294967279,80
4294967279,78
4294967279,77
4294967279,76
4294967279,74
4294967279,73
4294967279,71
4294967279,69
4294967279,68
4294967279,67
4294967279,66
4294967279,530
4294967279,63
4294967279,61
4294967279,60
4294967279,59
4294967279,58
4294967279,56
4294967279,55
4294967279,51
4294967279,48
4294967279,47
4294967279,43
4294967279,41
4294967279,38
4294967279,37
4294967279,36
4294967279,34
4294967279,33
4294967279,31
4294967279,30
4294967279,29
4294967279,28
4294967279,25
4294967279,20
4294967279,2
4294967279,14
4294967279,8
4294967279,324
4294967279,264
4294967279,367
4294967279,12
4294967279,335
4294967279,366
4294967279,11
4294967279,9
4294967279,258
26628,5
26628,4
4294967279,254
26628,3
26628,2
26628,1
4294967279,364
4294967278,370
4294967278,428
4294967278,367
4294967278,366
4294967294,417
4294967294,387
4294967278,383
26626,6
4294967278,248
26626,5
26626,4
4294967278,246
26626,3
26626,2
26626,1
4294967278,382
4294967278,302
4294967278,401
4294967279,363
4294967278,424
4294967278,237
4294967294,493
4294967278,228
4294967278,235
4294967278,218
4294967278,213
26623,8
4294967279,512
4294967278,406
4294967278,210
4294967278,333
4294967278,209
4294967294,396
4294967294,395
4294967294,409
4294967294,1415
4294967294,399
4294967294,420
4294967294,178
4294967294,183
4294967294,415
4294967294,167
4294967294,110
4294967294,465
4294967294,450
4294967294,455
4294967294,184
4294967278,208
4294967278,205
26623,7
4294967278,204
26623,6
26623,5
4294967278,203
26623,4
26623,3
26623,2
26623,1
4294967279,352
4294967279,370
4294967279,535
4294967278,202
4294967294,392
4294967294,114
4294967278,199
4294967278,339
4294967278,198
4294967278,197
4294967279,197
4294967278,196
4294967279,195
4294967278,194
4294967278,191
4294967279,330
4294967278,193
4294967279,193
4294967278,192
4294967278,326
4294967278,444
4294967279,189
4294967279,343
4294967278,423
4294967278,187
4294967294,1421
4294967294,424
4294967278,186
4294967278,185
4294967278,184
4294967278,181
4294967278,183
4294967278,182
4294967278,323
4294967279,182
4294967279,65
4294967294,107
4294967294,967
4294967294,421
4294967278,180
4294967279,178
4294967278,179
4294967279,179
4294967278,178
4294967294,1424
4294967294,1425
4294967294,394
4294967278,177
4294967279,54
4294967279,173
4294967279,172
4294967279,521
4294967279,169
4294967279,166
26619,6
4294967279,168
26619,5
26619,4
4294967279,167
26619,3
26619,2
26619,1
4294967279,543
4294967294,903
4294967279,347
4294967294,99
4294967294,5
4294967279,44
4294967279,528
4294967279,537
4294967279,162
4294967294,38
4294967294,36
4294967294,42
4294967294,41
4294967294,39
4294967294,390
4294967294,45
4294967294,44
4294967294,53
4294967294,949
4294967294,29
4294967279,155
4294967294,92
4294967294,90
4294967294,88
4294967294,86
4294967294,84
4294967294,1420
4294967294,82
4294967278,132
4294967278,131
4294967278,130
4294967278,127
4294967278,126
4294967278,123
4294967278,121
4294967278,120
4294967278,118
4294967278,117
4294967278,116
4294967278,115
4294967278,112
4294967278,110
4294967278,109
4294967278,108
4294967278,107
4294967278,106
4294967278,102
4294967278,101
4294967278,100
4294967278,99
4294967278,98
4294967278,97
4294967278,96
4294967278,94
4294967278,93
4294967278,92
4294967278,91
4294967278,90
4294967278,89
4294967278,361
4294967278,87
4294967278,86
4294967278,391
4294967278,85
4294967278,388
4294967278,84
4294967278,83
4294967278,351
4294967278,82
4294967278,81
4294967278,80
4294967278,79
4294967278,78
4294967278,77
4294967278,76
4294967278,75
4294967278,74
4294967278,421
4294967278,73
4294967278,72
4294967278,71
4294967278,70
4294967278,69
4294967278,68
4294967278,67
4294967278,293
4294967278,66
4294967278,65
4294967278,387
4294967278,64
4294967278,63
4294967278,62
4294967278,346
4294967278,260
4294967279,319
4294967279,82
4294967279,79
4294967279,571
4294967279,75
4294967279,72
4294967279,549
4294967279,70
4294967279,337
4294967279,64
4294967279,298
4294967279,62
4294967279,57
4294967279,53
4294967279,52
4294967279,234
4294967279,50
4294967279,46
4294967279,45
4294967279,42
